    unsorted:	 2.641016776e-006 1.494883878e-006 5.483191266e-006 6.169114306e-006 28.16734292 28.15843355 27.80883610 24.60241500 0.7193504854 33.26492125 93.23551571 119.8498931 131.0079798 274.1554065 532.5288514 599.0058809 1212.131387 1154.723034 1283.615629 1369.150084 933.2750668 1638.852452 1760.605327 1957.387196 2089.465726 2165.768273 2379.014269 2426.221111 2551.953764 2677.671102 2877.662385 3251.335792 3504.399399 3823.656166 3940.678148 4539.394589 4917.301351 5399.825860 5978.776081 6272.360678 6391.452935 6917.626673 7790.457610 10614.70093 11177.27044 15021.81818 15963.45455 36414.42733 45236.96161 52666.37490 77350.45267 84487.58951 95516.21901 121586.1233 156573.2009 158507.1386 170417.9913 175289.6697 214727.8336 234524.4931 357990.7179 397305.3861 535105.3257
      sorted:	 1.494883878e-006 2.641016776e-006 5.483191266e-006 6.169114306e-006 0.7193504854 24.60241500 27.80883610 28.15843355 28.16734292 33.26492125 93.23551571 119.8498931 131.0079798 274.1554065 532.5288514 599.0058809 933.2750668 1154.723034 1212.131387 1283.615629 1369.150084 1638.852452 1760.605327 1957.387196 2089.465726 2165.768273 2379.014269 2426.221111 2551.953764 2677.671102 2877.662385 3251.335792 3504.399399 3823.656166 3940.678148 4539.394589 4917.301351 5399.825860 5978.776081 6272.360678 6391.452935 6917.626673 7790.457610 10614.70093 11177.27044 15021.81818 15963.45455 36414.42733 45236.96161 52666.37490 77350.45267 84487.58951 95516.21901 121586.1233 156573.2009 158507.1386 170417.9913 175289.6697 214727.8336 234524.4931 357990.7179 397305.3861 535105.3257
